 1115847.872834 4.085E-30 4.680E-06.07130.323 1581.33600.620.000000          0 1 4          0 0 0 10  3  8       10  4  7      1333308287659336 0    63.0   63.0
 1115848.246338 2.258E-28 1.764E-04.06780.315 1255.91160.630.000000          0 3 3          0 0 0  9  5  4        8  5  3      2333308287659336 0    19.0   17.0
 1115848.341707 4.638E-28 8.214E-05.08060.367  927.74390.660.000000          1 3 2          0 0 0  8  5  3        7  4  4      2333308287659336 0    17.0   15.0
 1115848.787375 2.093E-29 5.391E-05.04510.246 1557.84440.480.000000          2 1 2          0 0 0 12  1 11       12  0 12      1333308287659336 0    25.0   25.0
 1115848.825508 3.169E-29 6.361E-06.06810.352  927.74390.61-.034500          2 1 2          0 0 0  7  5  3        7  4  4      332230837294713152    15.0   15.0
 1115849.015906 9.478E-29 4.050E-05.08570.333 1131.77560.74-.033010          1 1 3          0 0 0  9  2  7        8  4  4      332230837294713152    19.0   17.0
 1115849.045161 7.229E-30 1.331E-04.09370.391 2053.96870.74-.024420          2 0 3          0 1 0  6  0  6        5  2  3      434223837294713152    39.0   33.0
 1115849.224271 1.101E-28 7.145E-06.06840.332  744.06370.590.000000          2 1 2          0 0 0  9  1  9        8  0  8      2333308287659336 0    19.0   17.0
 1115849.260391 2.799E-30 1.042E-05.07320.317 1616.45310.630.000000          1 3 2          0 0 0 11  5  7       10  4  6      1333308287659336 0    23.0   21.0
 1115849.319895 2.094E-30 1.665E-06.04510.246 1557.84770.480.000000          2 1 2          0 0 0 13  0 13       12  1 12      1333308287659336 0    81.0   75.0
 1115849.442600 1.217E-30 3.026E-04.06770.328 2688.07990.600.000000          1 4 2          0 1 0 10  4  7        9  1  8      1333308287659336 0    63.0   57.0
 1115849.634779 2.029E-29 2.966E-05.05810.303 1631.38300.600.000000         -2 9-2          0 0 0 10  7  4        9  6  3      1333308287659336 0    63.0   57.0
 1115849.661966 2.330E-30 1.138E-04.07780.352 2309.73020.68-.003880          3 4 0          0 1 0  8  6  3        7  1  6      332230837294713152    51.0   45.0
 1115849.756440 1.994E-29 1.752E-06.07190.354  757.78020.620.000000         -2 4-2          0 0 0  7  6  1        6  4  2      2333308287659336 0    15.0   13.0
 1115849.800917 6.725E-30 2.947E-05.05810.319 1631.24550.620.000000          010 0          0 0 0 10  7  3        9  6  4      1333308287659336 0    21.0   19.0
 1115849.914813 2.472E-29 1.118E-07.05650.428   42.37170.740.000000          2 6 0          0 0 0  1  0  1        1  1  0      2333308287659336 0     9.0    9.0
 1115850.090782 1.346E-29 1.448E-03.05830.333 2495.16580.51-.035440          1 2 3          0 1 0  9  2  8        8  2  7      332230837294713152    57.0   51.0
 1115850.286506 2.221E-29 3.834E-07.07770.407  648.97870.680.000000          2 6 0          0 0 0  7  0  7        6  3  4      2333308287659336 0    45.0   39.0
 1115850.398561 8.867E-30 6.857E-07.06240.360 1006.11590.650.000000         -2 6-2          0 0 0  9  0  9        8  3  6      2333308287659336 0    57.0   51.0
 1115850.447336 3.808E-30 2.096E-07.08380.371  661.54890.74-.016190          3 3 0          0 0 0  7  6  2        6  3  3      334223807294713152    15.0   13.0
 1115850.623474 6.377E-29 8.147E-04.10310.456 1677.06140.75-.016890          2 0 3          0 1 0  1  1  1        2  1  2      434223837294713152     9.0   15.0
 1115850.682323 1.546E-29 4.239E-07.07070.333  744.16270.60-.035100          0 1 4          0 0 0  7  0  7        8  1  8      334233837294713152    45.0   51.0
 1115850.719817 5.077E-30 2.097E-08.07700.425  325.34790.670.000000          0 8 1          0 0 0  6  2  4        5  0  5      2333308287659336 0    39.0   33.0
 1115850.767136 5.288E-29 1.541E-06.07190.383  756.72480.660.000000         -2 4-2          0 0 0  7  6  2        6  4  3      2333308287659336 0    45.0   39.0
 1115851.029874 1.320E-30 4.694E-07.05400.278 1114.53220.500.000000          0 8 1          0 0 0 10  2  9       10  0 10      1333308287659336 0    21.0   21.0
 1115851.070987 1.392E-30 3.461E-04.05810.328 2688.07990.600.000000         -2 0-2          0 1 0 10  4  7        9  1  8      1333308287659336 0    63.0   57.0
 1115851.118559 3.446E-28 1.066E-05.07190.413  542.90580.680.000000         -2 3-2          0 0 0  7  4  4        6  1  5      2333308287659336 0    15.0   13.0
 1115851.535617 7.363E-29 2.572E-04.05800.288 1810.58790.580.000000          3 1 1          0 0 0 10  9  1        9  7  2      1333308287659336 0    63.0   57.0
 1115851.540218 2.454E-29 2.572E-04.07140.303 1810.58330.600.000000          3 1 1          0 0 0 10  9  2        9  7  3      1333308287659336 0    21.0   19.0
 1115851.613451 6.214E-29 5.338E-05.04510.246 1557.84770.480.000000          2 1 2          0 0 0 12  2 11       12  1 12      1333308287659336 0    75.0   75.0
 1115851.677808 2.234E-29 1.945E-04.10070.434 1772.41340.75-.017140          2 0 3          0 1 0  3  1  3        3  1  2      434223837294713152    21.0   21.0
 1115851.772358 1.771E-29 2.449E-06.06250.302  920.21000.560.000000          2 1 2          0 0 0 10  0 10        9  1  9      1333308287659336 0    21.0   19.0
 1115852.202086 8.775E-31 6.486E-06.05530.259 1774.61630.510.000000          1 3 2          0 0 0 12  4  8       12  1 11      1333308287659336 0    25.0   25.0
 1115852.251188 1.394E-29 2.890E-06.06240.360  982.91170.650.000000         -2 7-2          0 0 0  9  6  3        8  2  6      2333308287659336 0    19.0   17.0
 1115852.315619 3.784E-29 1.744E-06.06250.302  920.16840.560.000000          2 1 2          0 0 0 10  1 10        9  0  9      1333308287659336 0    63.0   57.0
 1115852.542434 1.147E-30 5.941E-04.08250.367 2569.50800.660.000000          1 2 3          0 1 0  8  4  5        7  4  4      1333308287659336 0    17.0   15.0
 1115852.581742 8.689E-30 7.146E-07.07120.333  744.06370.61-.035040          0 1 4          0 0 0  7  1  7        8  0  8      332230837294713152    15.0   17.0
 1115852.803508 2.929E-29 1.059E-03.10690.456 1664.96460.76-.021170          2 0 3          0 1 0  1  0  1        2  0  2      334223837294713152     3.0    5.0
 1115852.926981 1.027E-29 1.061E-06.08030.379  816.69420.670.000000          2 6 0          0 0 0  8  0  8        7  3  5      2333308287659336 0    17.0   15.0
 1115852.971329 5.987E-29 7.478E-07.07190.413  552.91140.680.000000         -2 6-2          0 0 0  6  1  6        6  2  5      2333308287659336 0    39.0   39.0
 1115853.233266 2.253E-29 1.100E-03.06800.352 2309.73020.56-.017540          1 2 3          0 1 0  8  1  7        7  1  6      334223837294713152    51.0   45.0
 1115853.255057 4.726E-30 2.691E-07.07950.315  920.16840.68-.028200          1 1 3          0 0 0  8  2  6        9  0  9      332230837294713152    51.0   57.0
 1115853.582342 2.198E-30 7.415E-08.08570.352  586.47920.72-.006580          4 1 0          0 0 0  8  4  4        7  1  7      332230837294713152    17.0   15.0
 1115854.115037 2.592E-30 5.613E-08.06240.332  744.16270.590.000000         -2 2-2          0 0 0  9  0  9        8  1  8      2333308287659336 0    57.0   51.0
 1115854.209989 6.767E-29 1.247E-03.09590.391 2053.96870.75-.016250          1 2 3          0 1 0  6  2  4        5  2  3      334223837294713152    39.0   33.0
 1115854.331122 5.798E-30 1.124E-07.08380.371  446.69660.70-.003910          3 3 0          0 0 0  7  5  3        6  0  6      332230837294713152    15.0   13.0
 1115854.380155 6.804E-30 7.367E-07.05960.278 1114.54990.500.000000          2 1 2          0 0 0 11  0 11       10  1 10      1333308287659336 0    69.0   63.0
 1115854.639438 3.126E-30 9.368E-09.09030.412  224.83840.71-.001700          0 3 3          0 0 0  5  3  3        4  1  4      334223837294713152    33.0   27.0
 1115854.691656 2.526E-29 2.604E-04.05010.305 1843.02960.580.000000         -2 3-2          0 0 0 12  4  9       11  4  8      1333308287659336 0    25.0   23.0
 1115854.692642 4.190E-30 1.156E-03.08310.379 2439.95450.670.000000          1 2 3          0 1 0  8  3  6        7  3  5      1333308287659336 0    17.0   15.0
 1115855.012058 2.260E-30 1.708E-03.06730.328 2690.59370.600.000000          1 2 3          0 1 0 10  2  9        9  2  8      1333308287659336 0    21.0   19.0
 1115855.244366 5.935E-30 5.150E-04.03980.227 2551.48350.480.000000         -2 1-2          0 0 0 15  5 11       14  3 12      1333308287659336 0    93.0   87.0
 1115855.279705 4.220E-31 1.306E-08.08450.413  542.90580.680.000000          1 3 2          0 0 0  7  4  4        6  1  5      3333308387659336 0    15.0   13.0
 1115855.340695 1.444E-29 3.851E-05.04510.232 1806.67000.400.000000          2 1 2          0 0 0 13  1 12       13  0 13      1333308287659336 0    81.0   81.0
 1115855.474935 9.040E-26 9.991E-04.10170.423    0.00000.75-.021000          1 1 3          0 0 0  1  0  1        0  0  0      366521832863473121     3.0    1.0
 1115855.495037 7.486E-29 2.226E-04.05530.305 1813.22340.580.000000          0 3 3          0 0 0 12  3  9       11  3  8      1333308287659336 0    75.0   69.0
 1115855.529287 1.163E-30 1.693E-04.08910.371 2282.58960.73-.032810          2 0 3          0 1 0  7  1  6        6  3  3      332230837294713152    15.0   13.0
 1115855.586443 3.841E-29 3.898E-06.07210.371  757.78020.65-.035690          2 1 2          0 0 0  6  5  1        6  4  2      332230837294713152    13.0   13.0
 1115855.589893 3.458E-30 1.123E-06.05960.278 1114.53220.500.000000          2 1 2          0 0 0 11  1 11       10  0 10      1333308287659336 0    23.0   21.0
 1115855.783347 2.787E-28 3.131E-06.08480.352  586.24350.71-.001520          3 1 1          0 0 0  8  4  4        7  0  7      434223837294713152    51.0   45.0
 1115856.378904 4.045E-30 1.007E-03.06730.328 2688.07990.600.000000          1 2 3          0 1 0 10  1  9        9  1  8      1333308287659336 0    63.0   57.0
 1115856.384219 2.514E-30 6.647E-08.08490.390  446.69660.630.000000          1 6 1          0 0 0  5  0  5        6  0  6      2333308287659336 0    11.0   13.0
 1115856.389345 2.398E-29 1.756E-05.05010.285 1524.84790.530.000000         -2 2-2          0 0 0 12  5  7       11  1 10      1333308287659336 0    75.0   69.0
 1115856.493793 9.214E-30 7.399E-07.08090.379  709.60820.660.000000          0 1 4          0 0 0  6  1  5        7  2  6      2333308287659336 0    13.0   15.0
 1115856.497065 2.724E-28 1.963E-04.06720.330 1216.18980.620.000000          0 3 3          0 0 0  8  6  3        7  6  2      2333308287659336 0    17.0   15.0
 1115856.507734 1.210E-28 4.072E-06.06880.371  756.72480.62-.035080          2 1 2          0 0 0  6  5  2        6  4  3      432230837294713152    39.0   39.0
 1115856.514008 2.606E-30 2.786E-06.07760.340 1340.88490.640.000000          2 5 0          0 0 0 10  7  3        9  4  6      1333308287659336 0    21.0   19.0
 1115856.527471 8.174E-28 1.963E-04.05600.317 1216.19450.610.000000          0 3 3          0 0 0  8  6  2        7  6  1      2333308287659336 0    51.0   45.0
 1115856.606144 1.230E-27 1.332E-05.07840.371  552.91140.65-.040000          2 1 2          0 0 0  7  1  6        6  2  5      334223832894713152    45.0   39.0
 1115856.653825 1.777E-28 7.600E-05.06240.335 1131.77560.640.000000         -2 3-2          0 0 0  9  4  5        8  4  4      2333308287659336 0    19.0   17.0
 1115856.778889 7.611E-30 3.665E-07.07270.355  885.60020.630.000000          0 1 4          0 0 0  8  1  8        8  2  7      2333308287659336 0    51.0   51.0
 1115857.118872 5.810E-27 1.658E-05.09690.434  173.36580.73-.005490          2 1 2          0 0 0  4  2  3        3  1  2      344233832894713152    27.0   21.0
 1115857.128597 2.310E-29 1.497E-07.08300.371  447.25240.70-.022842          2 3 1          0 0 0  7  5  3        6  1  6      334223837294713110    45.0   39.0
 1115857.174845 4.385E-30 1.384E-03.07270.355 2490.35410.630.000000          1 2 3          0 1 0  9  1  8        8  1  7      1333308287659336 0    19.0   17.0
 1115857.191112 3.002E-29 9.190E-07.08640.395  383.84250.710.000000          0 1 4          0 0 0  3  2  2        4  3  1      2333308287659336 0     7.0    9.0
 1115857.202029 4.298E-30 2.448E-07.07750.315  920.16840.69-.009430          3 1 1          0 0 0  8  6  2        9  0  9      332230837294713152    51.0   57.0
 1115857.246612 8.821E-31 1.710E-03.06100.308 2903.14600.550.000000          1 2 3          0 1 0 11  1 10       10  1  9      1333308287659336 0    23.0   21.0
 1115857.247840 7.031E-29 2.041E-05.07860.335 1255.16680.640.000000          0 1 4          0 0 0  8  4  5        8  5  4      2333308287659336 0    51.0   51.0
 1115857.520089 2.110E-26 1.996E-04.09480.503  142.27850.75-.016000          1 1 3          0 0 0  3  1  2        3  1  3      364520832863473121     7.0    7.0
 1115858.624824 5.159E-29 5.646E-04.09600.434 1819.33510.74-.020410          2 0 3          0 1 0  3  2  2        3  2  1      334223837294713152    21.0   21.0
 1115858.766736 1.097E-29 8.389E-06.07810.319 1477.29740.620.000000          2 1 2          0 0 0  9  6  3        9  5  4      2333308287659336 0    57.0   57.0
 1115858.956470 5.484E-30 1.158E-04.04300.248 2246.88480.480.000000         -2 2-2          0 0 0 14 10  4       13  2 11      1333308287659336 0    87.0   81.0
 1115859.187064 1.092E-29 3.421E-04.05710.281 2054.36870.580.000000          3 1 1          0 0 0 11  9  2       10  7  3      1333308287659336 0    23.0   21.0
 1115859.210391 3.275E-29 3.419E-04.07080.292 2054.34520.610.000000          3 1 1          0 0 0 11  9  3       10  7  4      1333308287659336 0    69.0   63.0
 1115859.227326 9.364E-30 2.851E-06.05010.259 1327.11000.490.000000         -2 4-2          0 0 0 11  5  6       11  0 11      1333308287659336 0    69.0   69.0
 1115859.342589 4.609E-30 1.350E-04.03980.221 2327.91400.460.000000         -2 3-2          0 0 0 15  2 14       14  2 13      1333308287659336 0    93.0   87.0
 1115859.424771 8.023E-30 4.824E-07.06710.349  931.23710.640.000000          011 0          0 0 0  8  1  8        7  4  3      2333308287659336 0    51.0   45.0
 1115859.529945 1.899E-30 1.610E-06.05400.308 1293.01810.550.000000         -2 7-2          0 0 0 10  6  4       10  1  9      2333308287659336 0    21.0   21.0
 1115859.867878 5.542E-29 3.575E-05.05810.339 1216.23130.630.000000         -2 0-2          0 0 0  9  3  6        9  3  7      1333308287659336 0    19.0   19.0
 1115859.933939 6.556E-31 5.249E-06.04300.232 1806.67150.400.000000         -2 4-2          0 0 0 13 11  2       13  1 13      1333308287659336 0    27.0   27.0
 1115860.066675 6.313E-29 6.305E-06.05810.328 1079.07960.600.000000         -2 4-2          0 0 0 10  5  5        9  1  8      1333308287659336 0    63.0   57.0
 1115860.154261 2.030E-30 7.925E-08.06710.367  842.35660.660.000000         -2 6-2          0 0 0  8  6  3        7  3  4      2333308287659336 0    51.0   45.0
 1115860.371786 3.293E-30 5.107E-05.10300.456 1664.96460.76-.012540          1 2 3          0 1 0  3  2  1        2  0  2      332233837294713155     7.0    5.0
 1115860.875763 5.287E-31 1.812E-05.05640.273 2105.86790.550.000000          0 1 4          0 0 0 13  2 12       12  3  9      1333308287659336 0    27.0   25.0
 1115860.917248 4.985E-30 1.139E-05.04640.259 1774.75110.510.000000         -2 3-2          0 0 0 13  5  8       12  2 11      1333308287659336 0    81.0   75.0
 1115860.939461 9.390E-27 1.174E-04.08900.526  552.91140.71-.014650          1 1 3          0 0 0  6  2  4        6  2  5      354323832894473152    39.0   39.0
 1115860.945664 3.544E-30 2.108E-06.05690.321 1446.12820.590.000000          0 6 1          0 0 0 10  7  3       10  3  8      1333308287659336 0    63.0   63.0
 1115861.280658 3.577E-30 6.262E-04.08260.352 2572.13920.71-.016420          1 2 3          0 1 0  8  4  4        7  4  3      332230837294713152    51.0   45.0
 1115861.353226 6.980E-29 1.677E-05.04530.317 1216.19450.610.000000          0 5 2          0 0 0  8  7  2        7  6  1      2333308287659336 0    51.0   45.0
 1115861.358345 2.346E-29 1.691E-05.05940.330 1216.18980.620.000000          0 5 2          0 0 0  8  7  1        7  6  2      2333308287659336 0    17.0   15.0
 1115861.430248 1.525E-30 6.735E-08.08140.352  586.47920.68-.005460          1 1 3          0 0 0  6  3  4        7  1  7      332230837294713152    13.0   15.0
 1115861.716357 1.298E-30 3.312E-05.03970.213 2073.51500.440.000000         -2 1-2          0 0 0 15  2 13       14  0 14      1333308287659336 0    31.0   29.0
 1115861.729984 6.531E-31 8.831E-08.08310.379  816.69420.670.000000          1 1 3          0 0 0  6  5  2        7  3  5      3333308387659336 0    13.0   15.0
 1115861.781866 3.945E-30 5.748E-04.09190.371 2282.58960.75-.015460          1 2 3          0 1 0  7  3  4        6  3  3      332230837294713152    15.0   13.0
 1115861.972246 2.503E-30 6.873E-08.08280.333  744.16270.71-.011040          4 1 0          0 0 0  7  6  1        8  1  8      332230837294713152    45.0   51.0
 1115862.034842 1.814E-30 1.329E-06.05010.285 1524.84790.530.000000          0 8 1          0 0 0 12  3  9       11  1 10      1333308287659336 0    75.0   69.0
 1115862.054810 2.060E-30 3.536E-05.09230.412 2004.81570.73-.020020          3 0 2          0 1 0  5  2  3        4  3  2      332230837294713152    33.0   27.0
 1115862.151970 3.482E-30 4.821E-07.05850.302  920.21000.560.000000          3 3 0          0 0 0 10  4  6        9  1  9      1333308287659336 0    21.0   19.0
 1115862.566845 3.150E-29 9.501E-06.05810.328 1080.38540.600.000000         -2 4-2          0 0 0 10  3  7        9  2  8      1333308287659336 0    21.0   19.0
 1115862.569870 2.179E-30 4.971E-08.08470.391  416.20870.71-.005700          1 3 2          0 0 0  5  5  1        5  2  4      332230837294713152    11.0   11.0
 1115862.747467 2.692E-30 2.772E-04.08550.407 2211.19060.680.000000          0 2 4          0 1 0  7  1  7        6  2  4      1333308287659336 0    15.0   13.0
 1115862.808755 9.026E-29 1.764E-06.07150.391  610.34120.67-.036220          2 1 2          0 0 0  5  5  0        5  4  1      332230807294713152    33.0   33.0
 1115862.916043 2.792E-29 6.146E-05.05010.285 1525.13600.530.000000         -2 1-2          0 0 0 12  4  9       11  2 10      1333308287659336 0    25.0   23.0
 1115862.976107 4.073E-30 2.109E-04.08150.412 2005.91690.69-.023790          2 2 2          0 1 0  5  4  2        4  3  1      332230807294713152    11.0    9.0
 1115863.024588 1.921E-29 3.321E-07.07750.371  648.97870.70-.016000          3 3 0          0 0 0  7  6  1        6  3  4      334223807294713152    45.0   39.0
 1115863.043626 2.364E-29 1.413E-07.07700.425  325.34790.670.000000          011 0          0 0 0  4  1  4        5  0  5      2333308287659336 0    27.0   33.0
 1115863.064966 3.130E-29 1.833E-06.07050.391  610.11440.66-.036750          2 1 2          0 0 0  5  5  1        5  4  2      332230807294713152    11.0   11.0
 1115863.449896 1.603E-30 1.418E-08.08630.371  447.25240.70-.004600          1 1 3          0 0 0  5  3  3        6  1  6      334223837294713152    33.0   39.0
 1115863.476922 1.516E-30 3.098E-06.05400.317 1718.71880.630.000000          0 8 1          0 0 0 11  3  9       10  5  6      1333308287659336 0    69.0   63.0
 1115863.679758 6.214E-30 6.522E-05.05810.303 1810.58330.600.000000         -2 8-2          0 0 0 10  8  2        9  7  3      1333308287659336 0    21.0   19.0
 1115863.687070 1.864E-29 6.521E-05.05810.288 1810.58790.580.000000         -2 8-2          0 0 0 10  8  3        9  7  2      1333308287659336 0    63.0   57.0
 1115863.882405 3.095E-29 1.335E-06.07180.355  885.60020.630.000000          0 5 2          0 0 0  9  5  4        8  2  7      2333308287659336 0    57.0   51.0
 1115863.895845 1.300E-27 1.497E-05.09320.412  275.49700.72-.005260          2 1 2          0 0 0  5  2  4        4  1  3      334223832894713152    11.0    9.0
 1115863.951837 3.671E-28 1.439E-04.05810.332 1360.23530.630.000000         -2 3-2          0 0 0 10  4  6        9  4  5      1333308287659336 0    63.0   57.0
 1115864.033798 1.757E-29 4.826E-07.07570.333  744.16270.65-.007370          1 1 3          0 0 0  7  3  5        8  1  8      332230837294713152    45.0   51.0
 1115864.067665 1.004E-29 5.862E-06.05810.339 1216.23130.630.000000         -2 8-2          0 0 0 10  6  4        9  3  7      1333308287659336 0    21.0   19.0
 1115864.093580 1.124E-28 2.309E-04.07620.332 1474.98080.630.000000          0 3 3          0 0 0 10  5  6        9  5  5      1333308287659336 0    21.0   19.0
 1115864.231684 4.806E-30 9.986E-04.06620.333 2630.19260.58-.037930          1 2 3          0 1 0  9  3  7        8  3  6      332230837294713152    57.0   51.0
 1115864.305143 2.131E-30 5.703E-05.09070.391 2130.49430.73-.032300          2 0 3          0 1 0  6  1  5        5  3  2      332230837294713152    39.0   33.0
 1115864.766942 4.418E-30 9.724E-08.09050.421  315.77950.730.000000          0 1 4          0 0 0  3  1  3        4  2  2      2333308287659336 0     7.0    9.0
 1115864.853640 1.182E-29 4.171E-04.07840.279 2321.90570.550.000000          3 1 1          0 0 0 12  9  3       11  7  4      1333308287659336 0    75.0   69.0
 1115864.949162 3.938E-30 4.167E-04.08270.288 2321.81310.570.000000          3 1 1          0 0 0 12  9  4       11  7  5      1333308287659336 0    25.0   23.0
 1115865.138636 7.747E-29 8.014E-06.08310.379  816.69420.670.000000          2 1 2          0 0 0  8  2  6        7  3  5      2333308287659336 0    17.0   15.0
 1115865.431918 5.366E-29 2.049E-05.07940.349 1059.64670.640.000000          0 1 4          0 0 0  7  4  4        7  5  3      2333308287659336 0    15.0   15.0
 1115865.462209 3.799E-29 1.140E-07.09200.412  224.83840.73-.019030          3 1 1          0 0 0  5  5  1        4  1  4      334223837294713110    33.0   27.0
 1115865.576262 9.032E-30 1.551E-04.07790.412 2004.81570.66-.023650          2 2 2          0 1 0  5  4  1        4  3  2      332230837294713152    33.0   27.0
 1115865.851324 6.678E-29 3.974E-05.07520.298 1446.12820.67-.033760          1 1 3          0 0 0 10  3  7       10  3  8      334223837294713152    63.0   63.0
 1115865.915148 1.265E-30 2.614E-05.07550.303 1985.78490.590.000000          2 1 2          0 0 0 12  4  8       11  5  7      1333308287659336 0    25.0   23.0
 1115865.925506 4.252E-31 2.706E-08.08010.383  661.54890.660.000000          0 3 3          0 0 0  6  5  2        6  3  3      2333308287659336 0    13.0   13.0
 1115866.007467 2.449E-30 4.126E-05.09530.391 2000.86300.74-.007560          3 0 2          0 1 0  5  2  3        5  1  4      332230837294713152    33.0   33.0
 1115866.029853 1.962E-28 1.206E-05.06740.352  709.60820.57-.040000          2 1 2          0 0 0  8  1  7        7  2  6      334223837294713152    17.0   15.0
 1115866.050581 1.027E-28 1.042E-06.09050.421  382.51690.730.000000          0 1 4          0 0 0  3  2  1        4  3  2      2333308287659336 0    21.0   27.0
 1115866.096358 5.244E-30 8.606E-06.07620.299 1690.66440.560.000000          1 6 1          0 0 0 12  0 12       11  2  9      1333308287659336 0    75.0   69.0
 1115866.259245 1.495E-30 5.887E-07.07170.298 1114.53220.64-.036380          1 1 3          0 0 0  9  2  7       10  0 10      332230837294713152    19.0   21.0
 1115866.317541 7.927E-29 8.486E-05.07730.340 1340.88490.640.000000          2 1 2          0 0 0 10  3  7        9  4  6      1333308287659336 0    21.0   19.0
 1115866.455245 3.953E-30 4.677E-06.07730.340 1340.88490.640.000000          0 1 4          0 0 0  9  3  7        9  4  6      1333308287659336 0    19.0   19.0
 1115866.937457 2.127E-30 2.795E-05.05400.292 1875.46180.610.000000          010 0          0 0 0 11  7  5       10  6  4      1333308287659336 0    23.0   21.0
 1115866.986421 1.647E-30 4.360E-08.08490.390  446.69660.630.000000          2 6 0          0 0 0  5  1  5        6  0  6      2333308287659336 0    11.0   13.0
 1115867.025280 1.334E-29 1.167E-05.07510.315 1255.91160.630.000000          2 1 2          0 0 0  8  6  2        8  5  3      2333308287659336 0    17.0   17.0
 1115867.084782 3.657E-29 6.642E-06.05810.339 1201.92150.630.000000         -2 7-2          0 0 0 10  6  4        9  2  7      1333308287659336 0    63.0   57.0
 1115867.468948 4.348E-29 1.135E-06.08090.379  704.21410.660.000000          0 1 4          0 0 0  6  2  5        7  1  6      2333308287659336 0    39.0   45.0
 1115867.488160 3.550E-30 6.076E-07.06930.315  920.21000.61-.011160          1 1 3          0 0 0  8  3  6        9  1  9      332230837294713152    17.0   19.0
 1115867.539714 6.650E-30 2.906E-05.05400.305 1874.97300.620.000000         -210-2          0 0 0 11  7  4       10  6  5      1333308287659336 0    69.0   63.0
 1115867.599510 1.956E-29 1.363E-06.07980.379  709.60820.660.000000          1 6 1          0 0 0  7  0  7        7  2  6      2333308287659336 0    15.0   15.0
 1115867.677555 4.767E-28 6.512E-05.07680.352 1122.70850.650.000000          1 3 2          0 0 0  9  5  4        8  4  5      2333308287659336 0    57.0   51.0
 1115867.795863 4.953E-31 3.787E-06.07620.305 1724.70540.620.000000          0 1 4          0 0 0  9  6  4       10  5  5      1333308287659336 0    19.0   21.0
 1115867.818518 7.826E-29 9.794E-07.08020.371  552.91140.68-.004020          1 3 2          0 0 0  6  5  2        6  2  5      334223837294713152    39.0   39.0
 1115868.036562 2.889E-30 1.384E-04.08970.424 2024.15260.700.000000          2 2 2          0 1 0  6  3  3        5  2  4      1333308287659336 0    13.0   11.0
 1115868.361124 1.205E-30 4.867E-04.04640.268 2613.10460.530.000000         -2 1-2          0 0 0 13  7  6       12  7  5      1333308287659336 0    27.0   25.0
 1115868.362184 3.990E-27 2.368E-05.08720.391  399.45750.69-.005670          2 1 2          0 0 0  6  2  5        5  1  4      334223832894713152    39.0   33.0
 1115868.431626 7.319E-28 1.704E-06.09990.456   79.49640.75-.012885          2 1 2          0 0 0  3  2  1        2  1  2      3342238372947131 9    21.0   15.0
 1115868.465934 5.920E-31 5.135E-05.08730.413 2146.26370.680.000000          3 0 2          0 1 0  6  2  4        6  1  5      3333308387659336 0    13.0   13.0
 1115868.510219 2.896E-29 3.635E-04.05530.273 2124.95140.550.000000          0 3 3          0 0 0 13  4 10       12  4  9      1333308287659336 0    81.0   75.0
 1115868.527463 2.599E-28 1.800E-04.07190.319 1477.29740.620.000000          0 3 3          0 0 0 10  5  5        9  5  4      2333308287659336 0    63.0   57.0
 1115868.615426 3.549E-30 4.771E-04.04640.271 2612.79980.550.000000         -2 1-2          0 0 0 13  9  5       12  7  6      1333308287659336 0    81.0   75.0
 1115868.756954 3.148E-30 1.050E-06.06770.328 1080.38540.600.000000          0 3 3          0 0 0  9  4  5        9  2  8      1333308287659336 0    19.0   19.0
 1115868.808234 3.463E-29 1.102E-03.09620.456 1743.48630.74-.018680          2 0 3          0 1 0  2  2  1        2  2  0      334223837294713152     5.0    5.0
 1115868.846994 1.689E-29 2.773E-05.05910.299 1690.66440.560.000000          4 1 0          0 0 0 12  5  8       11  2  9      1333308287659336 0    75.0   69.0
 1115868.917353 4.932E-30 1.286E-04.06100.275 2275.37290.560.000000          3 1 1          0 0 0 13  7  7       12  5  8      1333308287659336 0    81.0   75.0
 1115869.091339 4.868E-31 2.663E-06.05470.299 1695.06860.560.000000          0 6 1          0 0 0 11  7  4       11  3  9      1333308287659336 0    23.0   23.0
 1115869.283390 1.189E-29 8.155E-05.03910.259 1774.61630.510.000000          4 1 0          0 0 0 13  4 10       12  1 11      1333308287659336 0    27.0   25.0
 1115869.340430 6.908E-30 2.371E-04.05530.273 2105.86790.550.000000          0 3 3          0 0 0 13 11  2       12  3  9      1333308287659336 0    27.0   25.0
 1115869.388866 1.963E-30 5.287E-07.05810.340 1282.91910.640.000000         -2 8-2          0 0 0 10  6  5        9  3  6      2333308287659336 0    63.0   57.0
 1115869.427649 3.056E-30 6.349E-07.07620.360  982.91170.650.000000          2 6 0          0 0 0  9  1  9        8  2  6      2333308287659336 0    19.0   17.0
 1115869.528919 1.673E-30 2.820E-05.08850.391 2000.86300.71-.001180          2 2 2          0 1 0  5  4  1        5  1  4      332233837294713155    33.0   33.0
 1115869.655148 2.571E-29 1.548E-06.08020.352  931.23710.76-.027280          4 1 0          0 0 0  8  7  2        7  4  3      232230837294713152    51.0   45.0
 1115870.226715 3.723E-30 2.176E-06.07270.339 1216.23130.630.000000          0 1 4          0 0 0 10  0 10        9  3  7      1333308287659336 0    21.0   19.0
 1115870.445379 1.015E-29 5.108E-05.05010.299 1695.06860.560.000000         -2 3-2          0 0 0 12  5  8       11  3  9      1333308287659336 0    25.0   23.0
 1115870.536671 1.190E-25 9.471E-04.10270.510   37.13710.75-.008920          1 1 3          0 0 0  2  1  2        1  1  1      364523832894473152     5.0    3.0
 1115870.538543 8.383E-29 2.517E-07.09020.412  224.83840.72-.015890          1 3 2          0 0 0  5  4  1        4  1  4      3342238372947131 8    33.0   27.0
 1115870.604067 5.053E-29 1.886E-04.05400.317 1616.45310.630.000000         -2 4-2          0 0 0 11  4  7       10  4  6      1333308287659336 0    23.0   21.0
 1115870.693032 9.888E-28 1.975E-05.06700.352  704.21410.56-.009650          2 1 2          0 0 0  8  2  7        7  1  6      334223837294713152    51.0   45.0
 1115870.695317 3.814E-30 4.001E-06.05760.323 1581.33600.620.000000          2 5 0          0 0 0 11  7  4       10  4  7      1333308287659336 0    69.0   63.0
 1115870.841366 1.338E-28 1.706E-05.07410.330 1059.83550.620.000000          0 1 4          0 0 0  7  4  3        7  5  2      2333308287659336 0    45.0   45.0
 1115870.925093 1.878E-30 6.310E-05.09880.412 1875.46970.75-.004970          3 0 2          0 1 0  4  2  2        4  1  3      332230837294713152     9.0    9.0
 1115871.078521 1.610E-29 5.154E-04.09600.434 1813.78760.73-.013110          2 0 3          0 1 0  3  2  1        3  2  2      334223837294713152     7.0    7.0
 1115871.305170 3.044E-28 1.948E-05.07730.354  888.59870.620.000000          0 1 4          0 0 0  6  4  3        6  5  2      2333308287659336 0    39.0   39.0
 1115871.436395 7.638E-31 1.204E-03.07270.339 2841.43080.630.000000          1 2 3          0 1 0 10  3  8        9  3  7      1333308287659336 0    21.0   19.0
 1115871.479301 1.102E-29 1.136E-03.09220.371 2211.19060.73-.018140          1 2 3          0 1 0  7  2  5        6  2  4      334223837294713152    15.0   13.0
 1115871.569782 1.018E-28 1.074E-03.09620.456 1742.30560.74-.014760          2 0 3          0 1 0  2  2  0        2  2  1      434223837294713152    15.0   15.0
 1115871.652739 7.303E-31 1.501E-06.05810.332 1474.98080.630.000000         -2 7-2          0 0 0 10  3  8        9  5  5      1333308287659336 0    21.0   19.0
 1115871.670567 4.460E-30 2.161E-06.07960.332 1360.23530.630.000000          0 1 4          0 0 0  8  5  4        9  4  5      1333308287659336 0    51.0   57.0
 1115871.805182 6.270E-30 3.751E-08.07700.425  325.34790.670.000000         -2 6-2          0 0 0  4  1  4        5  0  5      2333308287659336 0    27.0   33.0
 1115872.291432 1.890E-30 1.515E-05.04300.232 1806.67150.400.000000         -2 1-2          0 0 0 13  4 10       13  1 13      1333308287659336 0    27.0   27.0
 1115872.297521 1.116E-30 2.848E-06.05400.323 1538.14950.620.000000         -2 8-2          0 0 0 11  6  6       10  3  7      1333308287659336 0    23.0   21.0
 1115872.371296 3.984E-28 1.235E-05.08550.413  542.90580.680.000000          2 1 2          0 0 0  7  2  6        6  1  5      2333308287659336 0    15.0   13.0
 1115872.415770 4.230E-30 9.681E-06.05530.259 1774.75110.510.000000          3 3 0          0 0 0 13  5  8       12  2 11      1333308287659336 0    81.0   75.0
 1115872.469610 5.125E-29 1.223E-06.08640.395  383.84250.710.000000          0 1 4          0 0 0  4  0  4        4  3  1      2333308287659336 0     9.0    9.0
 1115872.572192 1.324E-29 3.310E-04.10380.456 1693.64990.76-.019650          2 0 3          0 1 0  2  1  2        2  1  1      334223837294713152     5.0    5.0
 1115872.698120 3.030E-26 1.112E-04.09690.426  224.83840.74-.014660          1 1 3          0 0 0  4  1  3        4  1  4      464423832894473152    27.0   27.0
 1115872.765512 5.846E-30 7.680E-07.06260.298 1114.54990.57-.016330          1 1 3          0 0 0  9  3  7       10  1 10      332230837294713152    57.0   63.0
 1115872.814062 4.288E-29 2.332E-05.06360.321 1446.12820.590.000000          1 3 2          0 0 0 11  4  7       10  3  8      1333308287659336 0    69.0   63.0
 1115872.969521 4.789E-30 8.508E-07.06710.367  927.74390.660.000000         -2 4-2          0 0 0  8  6  3        7  4  4      2333308287659336 0    17.0   15.0
